TaskList[Parameter Estimation].(Problem)Parameter Estimation.Best Parameters	TaskList[Parameter Estimation].(Problem)Parameter Estimation.Best Value
(	2.94252	1.66751	0.672567	0.00156766	0.49238	0.219598	0.00223543	3.06078	0.0900574	0.244362	7.55409	0.00190282	0.700756	0.00732546	0.169004	0.0550419	0.220378	0.00437658	0.00217286	0.0127691	)	inf
(	0.330068	0.81869	0.0543967	0.00433795	0.204039	4.76528	3.95445	2.18447	0.0639271	0.587559	0.622541	0.0706496	4.96831	4.33486	0.0106611	0.00349149	7.42031	9.07187	5.70915	0.871952	)	641.077
(	0.00187807	0.00265777	0.0926271	5.99612	0.0123496	0.00590244	1.12449	0.64302	5.34711	0.00129137	0.00321458	0.00240914	0.0601624	0.00365247	2.38428	0.998693	0.0826583	0.00357087	0.00859863	0.00318803	)	52.4924
(	7.11463	0.0285056	0.208961	1.06762	0.695695	0.0549403	0.0172127	0.0025504	0.0398545	1.04876	4.66452	1.22149	1.31689	0.368267	0.77373	6.81706	2.03429	1.10361	0.324233	0.137152	)	44.391
(	0.35975	0.163319	0.0606687	0.272073	0.00632214	0.001	1.90754	1.99537	1.78816	0.272114	0.144917	0.00442219	0.185622	0.001	1.87347	1.52486	0.0582069	0.167964	0.905996	0.098318	)	38.4652
(	0.965222	0.269059	0.001	1.89044	0.001	0.001	0.001	0.133541	0.00271171	0.293368	0.0154811	0.001	0.134061	0.911874	0.0404122	8.83904	0.248462	0.0493445	0.00146556	0.141255	)	36.165
(	0.14115	0.0384339	4.40629	0.185943	0.001	0.0413791	6.37502	2.57499	5.2916	0.001	9.48631	2.12777	4.42355	0.001	0.808488	7.33752	1.077	0.627529	4.47425	2.06996	)	36.0275
(	0.001	0.001	8.35391	0.128041	0.0048586	0.00330613	6.10839	1.49632	4.95482	0.001	10	1.36299	8.64838	0.001	0.961848	9.88316	0.682502	1.10917	2.61949	0.95921	)	29.9792
(	0.001	0.001	3.34359	0.001	1.08119	0.001	1.10499	2.17245	1.71259	0.0472516	4.45078	0.824824	0.981427	0.001	0.001	2.39104	3.61794	1.43416	3.45113	0.339511	)	29.0467
(	0.001	0.228538	10	0.001	0.0199198	0.00387532	10	3.36039	2.14501	0.001	10	1.65582	10	0.001	0.471442	8.81452	0.844095	0.258282	5.38023	0.001	)	28.0021
(	4.40268	2.39873	0.715999	3.73443	0.352826	0.574888	5.53602	3.40214	0.172588	0.001	0.001	0.001	0.001	0.0290776	0.508673	10	0.0551773	3.53479	0.001	0.0674105	)	25.0853
(	0.56616	0.303571	0.001	0.85281	0.0671842	0.001	0.001	0.228101	0.001	0.0514929	0.001	0.001	0.001	0.096894	0.178315	4.48196	0.260215	0.001	0.00183755	0.227009	)	23.3739
(	3.28572	1.39377	0.190823	0.001	0.174348	0.0988099	2.25386	1.52813	0.001	0.0125131	0.00985966	0.00100716	0.001	0.0524695	1.06339	7.02721	0.263767	1.11693	0.00178287	0.207805	)	20.7377
(	3.17926	2.18023	0.295748	6.20599	0.807764	0.447303	3.88204	1.43557	0.108044	0.335909	1.0585	0.172347	0.001	0.001	0.626736	4.89447	0.0133247	3.81096	0.153033	0.0856753	)	18.1887
(	1.59433	1.42365	0.0719715	0.001	0.488774	0.305515	2.84255	4.83951	0.00606631	0.334376	1.66349	0.228826	0.001	0.001	1.50214	4.68159	0.302128	0.580287	0.00234909	0.081599	)	12.2022
(	1.30812	1.419	0.0695224	0.001	0.54722	0.32844	3.44803	7.03169	0.03568	0.351913	2.28489	0.216818	0.001	0.001	2.03874	4.55641	0.270523	0.992414	0.001	0.147468	)	12.1933
(	1.52253	1.42111	0.044399	0.001	0.570173	0.331872	3.019	4.46453	0.00484522	0.333904	1.69756	0.171237	0.001	0.001	1.61769	4.58224	0.303038	0.275396	0.00150464	0.0442222	)	11.9544
(	1.44345	1.50025	0.0472249	0.001	0.439481	0.33392	3.18563	7.79698	0.0336734	0.487068	2.10528	0.208835	0.001	0.001	1.41933	4.45409	0.263391	1.13637	0.001	0.147855	)	11.8389
(	1.57657	1.45921	0.0673897	0.001	0.570748	0.289975	2.56424	4.57052	0.00475402	0.361865	1.6801	0.200705	0.001	0.001	1.50294	6.08534	0.323726	0.30875	0.00171642	0.0516433	)	11.2015
(	1.47957	1.32444	0.0678281	0.001	0.3508	0.333146	3.01857	9.86793	0.103396	0.453842	2.05032	0.230652	0.00114058	0.0249407	1.27133	6.0544	0.32473	0.287706	0.001	0.216034	)	10.8773
(	2.92792	2.60718	0.377131	6.06588	1.18755	0.534012	4.67876	5.00467	0.13982	0.305502	1.54621	0.166012	0.001	0.001	0.754646	4.95482	0.2307	0.801618	0.95331	0.0951294	)	9.39672
(	2.80837	2.58501	0.36762	5.88238	1.18922	0.526474	4.71551	4.90356	0.132165	0.298288	1.46343	0.171808	0.001	0.001	0.730879	4.95002	0.222082	0.785611	1.07168	0.081911	)	9.08119
(	2.55214	2.58899	0.422149	5.39694	1.11691	0.510672	4.96459	6.2263	0.0927999	0.339527	1.16401	0.15058	0.001	0.001	0.396991	5.34477	0.0960169	0.836865	0.926964	0.0991227	)	9.04456
(	2.65209	2.58066	0.421429	5.0621	1.08731	0.520199	5.09198	6.32306	0.109744	0.372558	1.2263	0.150564	0.001	0.001	0.406439	5.31195	0.101145	0.83557	0.922115	0.0946125	)	8.77822
(	2.68692	2.58044	0.405083	4.60542	1.12136	0.522342	4.79849	6.20516	0.123615	0.322527	1.2569	0.156894	0.001	0.001	0.391136	4.90329	0.121867	0.819585	0.986947	0.0906765	)	8.72111
(	2.67838	2.58428	0.44739	4.08657	1.17328	0.541344	4.90721	6.44519	0.150778	0.314338	1.29289	0.145973	0.001	0.001	0.279956	4.30648	0.129089	0.82535	0.976022	0.0953243	)	8.56828
(	2.68011	2.57044	0.447049	4.01774	1.17522	0.536986	4.89812	6.55105	0.122373	0.312177	1.33927	0.157962	0.001	0.001	0.260319	4.29121	0.128139	0.816694	0.990999	0.0962582	)	8.54418
(	2.77891	2.5959	0.45358	3.92824	1.17387	0.529328	4.9094	6.27593	0.181813	0.309256	1.39247	0.167268	0.001	0.001	0.207993	4.51055	0.12574	0.77878	1.03171	0.111131	)	8.49705
(	2.82799	2.60136	0.450832	3.9293	1.17253	0.529461	4.91365	6.24555	0.213792	0.312878	1.40588	0.172728	0.001	0.001	0.191031	4.54418	0.128184	0.765203	1.03294	0.122107	)	8.48828
(	2.83699	2.61655	0.455221	3.92871	1.16285	0.533045	4.91497	6.17368	0.23527	0.313226	1.54917	0.181806	0.00100006	0.001	0.164317	4.54994	0.122189	0.766832	1.04158	0.135794	)	8.48156
(	2.87129	2.66149	0.406292	4.0283	1.16481	0.539095	4.92354	6.38825	0.245131	0.316432	1.54101	0.189925	0.00100004	0.001	0.199071	4.61527	0.147657	0.737455	0.998782	0.143901	)	8.4509
(	2.86936	2.67447	0.406111	4.00743	1.1648	0.539956	4.92757	6.37701	0.246538	0.303084	1.54573	0.189697	0.00100004	0.001	0.191343	4.60961	0.147726	0.729419	1.00028	0.147055	)	8.4423
(	2.8629	2.67095	0.410174	4.01378	1.1732	0.540007	4.9269	6.37978	0.253875	0.305308	1.58381	0.191376	0.00100004	0.001	0.194305	4.64552	0.155069	0.73906	1.0177	0.149099	)	8.43776
(	2.73393	2.55846	0.401125	3.72565	1.17562	0.531033	4.92533	6.34792	0.259536	0.305844	1.61962	0.192017	0.00100003	0.001	0.165917	4.39937	0.15068	0.754191	1.01188	0.159324	)	8.42284
(	2.6559	2.45982	0.383818	3.83679	1.18133	0.527607	4.93705	6.22644	0.286905	0.423195	1.6112	0.192534	0.00100004	0.001	0.155074	4.32077	0.14912	0.81373	1.01388	0.182595	)	8.4153
(	2.63946	2.45179	0.383295	3.829	1.18527	0.528047	4.92821	6.24297	0.285531	0.39575	1.58609	0.192547	0.00100004	0.001	0.150258	4.39671	0.152888	0.763813	1.01337	0.189075	)	8.40316
(	2.6235	2.50773	0.395814	3.84915	1.17588	0.528417	4.94892	6.19653	0.323191	0.471952	1.60586	0.192463	0.00100004	0.001	0.146922	4.23931	0.148663	0.815461	1.01116	0.195476	)	8.40268
(	2.59943	2.47436	0.400695	3.72985	1.17008	0.526867	4.96449	6.18649	0.347482	0.513527	1.62469	0.193721	0.00100004	0.001	0.143589	4.2369	0.149343	0.816916	1.00987	0.196759	)	8.40138
(	2.68776	2.5179	0.40034	3.67061	1.17776	0.52923	4.96573	6.2449	0.291809	0.68417	1.61698	0.193707	0.00100004	0.001	0.143191	4.66112	0.1513	0.701852	1.00754	0.1852	)	8.39909
(	2.67117	2.53694	0.385877	3.75669	1.17624	0.529064	4.96733	6.2623	0.26063	0.391627	1.61366	0.191019	0.00100004	0.001	0.148709	4.65844	0.158651	0.643344	0.984763	0.187854	)	8.38148
(	2.66122	2.4845	0.415355	3.66959	1.14654	0.536571	4.99036	6.22932	0.0688611	0.399622	1.58165	0.181045	0.00100003	0.001	0.131687	4.5294	0.185844	0.5593	0.96589	0.227273	)	8.37421
(	2.68151	2.55265	0.453158	3.76393	1.14947	0.547115	5.01732	6.20258	0.001	0.459685	1.54638	0.183799	0.00100003	0.001	0.126509	4.53309	0.201451	0.444391	0.917705	0.246734	)	8.3332
(	2.59612	2.53068	0.566241	3.86511	1.14908	0.554244	5.10342	6.13585	0.001	0.345776	1.57764	0.189877	0.00100003	0.001	0.11307	4.60297	0.234856	0.266244	0.87536	0.270806	)	8.31456
(	2.61095	2.60189	0.590345	3.8367	1.14193	0.552045	5.09716	6.33826	0.10199	0.379456	1.56297	0.178933	0.00100003	0.001	0.0588212	4.60047	0.230512	0.001	0.85011	0.274232	)	8.30084
(	2.63813	2.50722	0.425634	3.77658	1.1519	0.536228	4.99396	6.23589	0.0235252	0.001	1.5396	0.180769	0.00100003	0.001	0.128279	4.68968	0.172836	0.505539	0.964018	0.209329	)	8.25936
(	2.64349	2.50724	0.416509	3.77832	1.1377	0.536639	4.99504	6.24151	0.0520018	0.001	1.51375	0.180761	0.00100002	0.001	0.128426	4.61308	0.209308	0.452196	0.963955	0.241797	)	8.25025
(	2.64259	2.50785	0.416094	3.75838	1.14083	0.536618	4.99178	6.24201	0.0538263	0.001	1.52241	0.1808	0.00100002	0.001	0.128254	4.69883	0.208178	0.441872	0.961523	0.240322	)	8.24905
(	2.63562	2.50689	0.418094	3.76062	1.12995	0.536581	4.99668	6.24116	0.0562695	0.001	1.5235	0.180129	0.00100002	0.001	0.128352	4.60885	0.213962	0.461228	0.961666	0.262043	)	8.24434
(	2.62938	2.50483	0.418385	3.76682	1.12233	0.536535	4.99444	6.24255	0.0542687	0.001	1.52571	0.180499	0.00100002	0.001	0.128601	4.63011	0.222632	0.456741	0.960302	0.291087	)	8.24292
(	2.61748	2.50706	0.41798	3.76039	1.12985	0.53662	4.99685	6.24169	0.0550122	0.001	1.52179	0.17983	0.00100002	0.001	0.128487	4.6083	0.212568	0.456712	0.961652	0.261881	)	8.24261
(	2.62539	2.50738	0.418466	3.76243	1.12524	0.536572	4.99461	6.24164	0.0540133	0.001	1.52279	0.179998	0.00100002	0.001	0.128513	4.62823	0.224642	0.459064	0.960601	0.295307	)	8.24213
(	2.62265	2.50611	0.4184	3.76331	1.12179	0.536514	4.99539	6.24172	0.0549898	0.001	1.52312	0.1802	0.00100002	0.001	0.128855	4.64388	0.246312	0.476781	0.959974	0.351366	)	8.23669
(	2.62902	2.50581	0.418376	3.76961	1.11372	0.536499	4.99423	6.24185	0.0544204	0.001	1.52339	0.180368	0.00100002	0.001	0.128887	4.65258	0.248752	0.483536	0.958859	0.374564	)	8.2361
(	2.65194	2.50678	0.216263	3.87931	1.14525	0.523612	5.03775	6.33877	0.186518	0.001	1.54565	0.184255	0.00100001	0.001	0.0922733	5.04899	0.135751	0.576189	0.985952	0.326172	)	8.2107
(	2.66157	2.50485	0.217458	3.8799	1.14451	0.523832	5.03017	6.35323	0.183132	0.001	1.54138	0.184528	0.00100001	0.001	0.0908805	5.04622	0.14177	0.576763	0.973091	0.344542	)	8.20094
(	2.66915	2.51584	0.262021	3.83744	1.10837	0.527708	5.01317	6.35558	0.144874	0.001	1.51899	0.18123	0.00100002	0.001	0.103947	4.88203	0.195548	0.654288	0.976208	0.510082	)	8.19573
(	2.62282	2.50966	0.392901	3.78409	1.06207	0.53333	4.99944	6.33727	0.0529767	0.001	1.52601	0.179264	0.00100002	0.001	0.103743	4.69672	0.283706	0.452638	0.9606	0.82443	)	8.19344
(	2.62273	2.51489	0.391348	3.79298	1.05807	0.530133	5.01112	6.48216	0.0715342	0.001	1.52984	0.180715	0.00100002	0.001	0.0984115	4.67291	0.290152	0.455887	0.94612	1.15682	)	8.18756
(	2.62517	2.51313	0.3887	3.80734	1.06504	0.529476	5.01005	6.48385	0.0704658	0.001	1.52968	0.180843	0.00100002	0.001	0.0884429	4.66994	0.286044	0.397994	0.949859	1.20221	)	8.17823
(	2.62522	2.51536	0.37985	3.85417	1.06151	0.529	5.01679	6.60505	0.0696315	0.001	1.53151	0.181757	0.00100002	0.001	0.0892313	4.63147	0.28711	0.456864	0.940424	1.4749	)	8.17547
(	2.6265	2.51619	0.381924	3.84707	1.06524	0.528262	5.01886	6.58855	0.087475	0.001	1.53237	0.182857	0.00100002	0.001	0.0844606	4.63048	0.29079	0.400261	0.94177	1.6464	)	8.17466
(	2.60906	2.51949	0.390951	3.80391	1.06703	0.53177	5.0241	6.53093	0.0886976	0.001	1.53395	0.182063	0.00100002	0.001	0.0828299	4.68234	0.282814	0.361152	0.953993	1.619	)	8.17222
(	2.62622	2.51615	0.382728	3.83502	1.06522	0.52893	5.01633	6.57196	0.0856923	0.001	1.53247	0.182672	0.00100002	0.001	0.0853794	4.64274	0.289956	0.400103	0.945252	1.62867	)	8.17181
(	2.62673	2.52878	0.373343	3.82909	1.07614	0.529943	5.0149	6.5744	0.0884486	0.001	1.53925	0.182409	0.00100002	0.001	0.08397	4.65318	0.294716	0.409709	0.947606	2.05973	)	8.17054
(	2.59469	2.47907	0.421475	3.8573	1.04702	0.531613	5.00531	6.31242	0.0456773	0.001	1.56709	0.180021	0.00100002	0.001	0.0736999	4.69436	0.252266	0.425147	0.945164	2.3298	)	8.16629
(	2.61745	2.49269	0.376298	3.78668	1.03519	0.528287	5.0154	6.54435	0.0899126	0.001	1.54281	0.178893	0.00100002	0.001	0.0798331	4.66359	0.261758	0.471061	0.939464	1.74544	)	8.16581
(	2.62931	2.50256	0.37873	3.83842	1.01803	0.524639	5.01027	6.69098	0.0501477	0.001	1.56031	0.180562	0.00100002	0.001	0.0786438	4.72466	0.25374	0.397386	0.945587	1.56296	)	8.16423
(	2.63215	2.50564	0.388185	3.86268	0.968848	0.525974	5.0068	6.56629	0.0590252	0.001	1.54752	0.182052	0.00100001	0.001	0.0733646	4.71976	0.230538	0.435262	0.946925	1.8994	)	8.16008
(	2.6224	2.51467	0.361554	3.8078	1.02926	0.528602	5.02824	6.61622	0.116907	0.001	1.53771	0.18001	0.00100001	0.001	0.0762701	4.66628	0.242561	0.477089	0.951435	1.66858	)	8.15614
(	2.61499	2.50042	0.373055	3.90621	1.01138	0.524548	5.0091	6.58658	0.0731525	0.00101308	1.53992	0.180357	0.00100002	0.001	0.0724681	4.73021	0.239183	0.394728	0.952836	2.01828	)	8.15316
(	2.62224	2.49984	0.379378	3.76425	1.03826	0.527209	5.02175	6.73828	0.0867671	0.001	1.54009	0.18057	0.00100002	0.001	0.0674935	4.73955	0.227214	0.45268	0.979974	1.69632	)	8.14761
(	2.62075	2.50028	0.36277	3.77053	1.03709	0.528406	5.02362	6.79366	0.0878315	0.00100056	1.53983	0.18054	0.00100002	0.001	0.0680384	4.77725	0.226709	0.456365	0.982679	1.71876	)	8.14616
(	2.61983	2.50856	0.392473	3.82869	1.03419	0.529402	5.03547	6.84234	0.0836347	0.001	1.53533	0.181075	0.00100001	0.001	0.066342	4.53355	0.23594	0.461469	0.962787	2.24847	)	8.14586
(	2.61684	2.50547	0.406696	3.8476	1.04168	0.530516	5.0415	6.77873	0.085113	0.001	1.53388	0.181387	0.00100001	0.001	0.0617977	4.45467	0.233214	0.459292	0.965893	2.74875	)	8.14317
(	2.61907	2.50619	0.411914	3.84206	1.0405	0.529635	5.04143	6.80651	0.0813778	0.001	1.532	0.181395	0.00100001	0.001	0.0611809	4.45858	0.228923	0.445136	0.956355	2.57938	)	8.1428
(	2.61934	2.50492	0.424835	3.84648	1.04588	0.530381	5.04436	6.76551	0.080507	0.001	1.5337	0.181944	0.00100001	0.001	0.0586081	4.43853	0.226883	0.441234	0.955908	3.08719	)	8.1411
(	2.61835	2.50387	0.381784	3.76975	1.02848	0.52706	5.00751	6.72541	0.0912259	0.00100054	1.54489	0.179893	0.00100001	0.001	0.0621928	4.79936	0.224643	0.462651	0.981332	2.88786	)	8.13925
(	2.61889	2.50218	0.386025	3.81701	1.04126	0.52948	5.02346	6.69373	0.0935373	0.00100034	1.53673	0.181473	0.00100001	0.001	0.0585028	4.71907	0.21259	0.446102	0.988715	2.42002	)	8.13708
(	2.61509	2.50399	0.386768	3.75683	1.03087	0.527727	4.98696	6.72798	0.0956353	0.0010005	1.54649	0.179869	0.00100001	0.001	0.0595492	4.80019	0.214654	0.462453	0.975755	2.91002	)	8.13641
(	2.61257	2.50424	0.383597	3.75598	1.02835	0.52754	4.97863	6.73072	0.094318	0.00100065	1.54713	0.179871	0.00100001	0.001	0.0596019	4.84866	0.212928	0.462514	0.978272	2.82096	)	8.13583
(	2.61897	2.50626	0.387081	3.75637	1.02881	0.52788	4.97274	6.73523	0.0890951	0.00100064	1.54768	0.180828	0.00100001	0.001	0.0576855	4.8393	0.214395	0.4598	0.975643	4.07155	)	8.13329
(	2.62157	2.50396	0.404285	3.76568	1.04333	0.527234	4.95181	6.73157	0.081072	0.00100069	1.55594	0.1821	0.00100002	0.001	0.0539447	5.0241	0.194434	0.491055	0.964701	5.43993	)	8.13141
(	2.62351	2.50524	0.391227	3.76827	1.04847	0.52908	4.92609	6.66956	0.0750679	0.00100072	1.55551	0.18467	0.00100001	0.001	0.0474708	5.03265	0.18357	0.481445	0.983905	6.19838	)	8.131
(	2.62246	2.50492	0.376186	3.76451	1.0357	0.524968	4.97102	6.86355	0.0890839	0.00100056	1.54909	0.181071	0.00100001	0.001	0.0581399	4.95539	0.213127	0.479014	0.971425	4.65696	)	8.13089
(	2.62261	2.50513	0.391366	3.77386	1.04706	0.528988	4.97669	6.7315	0.0760942	0.00100065	1.54708	0.183623	0.00100001	0.001	0.0493277	4.89087	0.189051	0.472522	0.981246	5.91714	)	8.12731
(	2.62357	2.49449	0.390176	3.77814	1.05173	0.529173	4.95415	6.74846	0.0914365	0.00100065	1.54792	0.183705	0.00100001	0.001	0.0487836	4.87791	0.189055	0.473449	0.964618	6.28231	)	8.12724
(	2.61484	2.50421	0.405375	3.76775	1.02777	0.52653	4.98809	6.74109	0.0947951	0.00100068	1.55206	0.182057	0.00100002	0.001	0.0563062	5.12209	0.200076	0.475173	0.95667	6.75865	)	8.127
(	2.62354	2.51114	0.389345	3.76476	1.04595	0.529168	4.99962	6.83327	0.0766108	0.00100066	1.545	0.182028	0.00100001	0.001	0.0489766	4.91658	0.183505	0.470477	0.959245	5.92944	)	8.12403
(	2.61494	2.50513	0.421015	3.7983	1.02833	0.527578	5.00362	6.96977	0.106673	0.00100076	1.54871	0.182761	0.00100002	0.001	0.0536999	5.01726	0.197018	0.485834	0.966456	8.02658	)	8.12279
(	2.61517	2.50546	0.403885	3.78671	1.02507	0.525058	5.00799	7.01492	0.0797024	0.0010033	1.54787	0.181175	0.00100001	0.001	0.052229	5.03981	0.189795	0.441138	0.971594	5.57972	)	8.12084
(	2.61438	2.50512	0.427193	3.81324	1.02835	0.527538	5.00925	7.13163	0.107344	0.00100084	1.54557	0.183235	0.00100002	0.001	0.0526174	4.95938	0.197378	0.487924	0.972284	8.5391	)	8.1204
(	2.61177	2.5078	0.442785	3.79534	1.02537	0.528978	5.06364	7.4743	0.0969056	0.00100097	1.53832	0.18306	0.00100002	0.001	0.0506358	4.90658	0.189409	0.506239	0.974513	6.60619	)	8.11638
(	2.61766	2.52332	0.415055	3.80019	1.02298	0.526486	4.97593	7.71478	0.135282	0.00100768	1.56054	0.181898	0.00100002	0.001	0.0554816	5.23179	0.20048	0.50652	0.982558	10	)	8.1154
(	2.61385	2.51062	0.397852	3.80421	1.02657	0.526038	5.02272	8.00392	0.0823584	0.00100486	1.53611	0.181439	0.00100001	0.001	0.0526676	4.97556	0.19073	0.492399	0.976039	6.28736	)	8.115
(	2.61178	2.51584	0.446226	3.80615	1.02352	0.529516	5.04254	7.60884	0.117427	0.00100855	1.54342	0.182971	0.00100002	0.001	0.0506137	4.84349	0.195967	0.50485	0.987073	7.89163	)	8.11493
(	2.58693	2.50465	0.415892	3.78144	1.0034	0.524119	5.00163	7.97094	0.0912146	0.00100419	1.53368	0.181147	0.00100001	0.001	0.0533795	4.92804	0.194063	0.474902	0.967945	7.23978	)	8.11407
(	2.61324	2.52224	0.396779	3.80126	1.02119	0.527453	4.98338	7.94238	0.124245	0.00100863	1.56103	0.181905	0.00100002	0.001	0.0544305	5.28948	0.194387	0.510423	0.982973	9.57368	)	8.11285
(	2.58812	2.50459	0.415805	3.78293	1.00498	0.524747	5.00939	8.76934	0.0901375	0.00100438	1.53269	0.180707	0.00100001	0.001	0.0532539	4.92472	0.194288	0.486046	0.966116	7.31845	)	8.10977
(	2.58375	2.51982	0.420136	3.75917	1.02156	0.520545	5.10459	9.27721	0.0634684	0.00100639	1.54869	0.181823	0.00100003	0.001	0.0554634	5.06664	0.191253	0.495066	0.972182	4.27315	)	8.10796
(	2.60986	2.5201	0.392756	3.76522	1.0177	0.52048	5.04378	10	0.072515	0.00100704	1.5508	0.18142	0.00100002	0.001	0.0551922	5.09404	0.190181	0.496991	0.959553	4.82377	)	8.10259
(	2.61543	2.52443	0.392141	3.76648	1.0088	0.510429	5.03698	10	0.0814048	0.00101011	1.56226	0.181232	0.00100004	0.001	0.0551721	5.08598	0.1936	0.511235	0.967518	5.72114	)	8.10135
(	2.61084	2.52754	0.390933	3.76006	0.997191	0.510737	5.05605	10	0.102236	0.00100727	1.56185	0.180889	0.00100004	0.001	0.052834	5.00908	0.184044	0.513535	0.967899	5.73184	)	8.09938
(	2.60907	2.52578	0.385811	3.78611	0.998274	0.517175	5.03414	8.98471	0.103693	0.0010071	1.55856	0.181334	0.00100004	0.001	0.0511796	5.11991	0.180442	0.496486	0.964931	9.51482	)	8.09924
(	2.60631	2.52427	0.375505	3.77395	1.00387	0.520551	5.03668	10	0.0691415	0.00100881	1.55248	0.181232	0.00100003	0.001	0.0516353	5.30817	0.179469	0.494774	0.98913	9.8057	)	8.09684
(	2.60279	2.52558	0.415008	3.76487	0.994768	0.517748	5.02806	9.74653	0.001	0.00100974	1.55139	0.181528	0.00100003	0.001	0.0514439	5.33325	0.177766	0.515933	0.980433	10	)	8.09658
(	2.61076	2.53467	0.368394	3.76981	1.01514	0.518179	5.03518	10	0.0555645	0.00100964	1.56653	0.18105	0.00100003	0.001	0.0520891	5.45108	0.170256	0.485494	0.955839	8.70497	)	8.09553
(	2.60265	2.52054	0.3474	3.76764	1.0171	0.518295	5.01654	10	0.0526452	0.00101389	1.57964	0.182588	0.00100002	0.001	0.0514506	5.60786	0.16436	0.49704	0.952979	6.5847	)	8.0949
(	2.60047	2.52568	0.385598	3.74519	0.99706	0.512876	5.02028	10	0.0266758	0.00101073	1.55984	0.181866	0.00100003	0.001	0.0511453	5.66816	0.16165	0.50841	0.961544	8.55458	)	8.0898
(	2.58997	2.51667	0.396818	3.7488	0.999908	0.520676	4.98989	9.93949	0.0822234	0.00101672	1.57393	0.183245	0.00100002	0.001	0.0502604	6.19482	0.147957	0.448511	0.975461	9.37707	)	8.08869
(	2.59879	2.52575	0.364384	3.73099	0.998714	0.509362	5.01466	10	0.045197	0.00101144	1.56593	0.182111	0.00100002	0.001	0.0509299	5.90975	0.150024	0.502984	0.947918	7.51194	)	8.08765
(	2.6102	2.51736	0.33981	3.74539	0.996569	0.512268	5.07987	10	0.0841506	0.00101688	1.56669	0.182537	0.00100002	0.001	0.0526686	6.43933	0.138082	0.508842	0.94635	5.02529	)	8.08496
(	2.59519	2.52944	0.390786	3.68823	0.95731	0.503172	4.99542	10	0.0515036	0.00101765	1.57749	0.182823	0.00100003	0.001	0.0501456	6.51987	0.129379	0.523534	0.933271	8.41163	)	8.08428
(	2.59862	2.52556	0.405565	3.67992	0.953015	0.503788	4.99733	10	0.0614715	0.00101717	1.5768	0.182982	0.00100003	0.001	0.0499755	6.59035	0.129289	0.527073	0.946715	8.76153	)	8.08213
(	2.5946	2.53172	0.426888	3.7352	0.983169	0.506348	5.00838	9.93643	0.0518895	0.00100723	1.57577	0.182887	0.00100005	0.001	0.0503302	6.79133	0.131416	0.489535	0.964034	9.81979	)	8.08172
(	2.59453	2.53116	0.423246	3.7389	0.968366	0.505118	5.00572	9.93386	0.0521549	0.001	1.57558	0.182881	0.00100004	0.001	0.0501854	6.74855	0.130622	0.499105	0.969527	9.94884	)	8.08163
(	2.59718	2.52739	0.419715	3.70081	0.985025	0.505908	4.95646	9.98497	0.0968856	0.00101848	1.55947	0.18228	0.00100003	0.001	0.0498315	6.28816	0.139185	0.534337	0.953873	8.82362	)	8.08145
(	2.59818	2.52381	0.42111	3.70401	0.958096	0.502741	4.99667	10	0.0743341	0.00101252	1.57575	0.182979	0.00100002	0.001	0.0500026	6.70375	0.128187	0.519521	0.956565	7.85994	)	8.08113
(	2.59709	2.5304	0.434673	3.69297	0.984555	0.505957	4.97587	9.97712	0.0892462	0.00101289	1.5588	0.18228	0.00100004	0.001	0.049748	6.82526	0.126896	0.597723	0.952538	8.60453	)	8.08057
(	2.60129	2.52289	0.417886	3.70029	0.97124	0.501786	4.93876	9.99468	0.0847042	0.00100705	1.57309	0.182151	0.00100003	0.001	0.0505895	6.73737	0.135876	0.532803	0.972413	9.37699	)	8.07996
(	2.59826	2.53089	0.435532	3.6897	0.984427	0.505962	4.97568	9.97203	0.101439	0.00101266	1.5569	0.182551	0.00100004	0.001	0.0497369	6.906	0.126055	0.590773	0.953857	8.57084	)	8.07988
(	2.60118	2.521	0.417098	3.70029	0.968642	0.501579	4.93373	9.99628	0.0849365	0.00100498	1.57145	0.182104	0.00100003	0.001	0.0505799	6.7755	0.136074	0.532688	0.989448	9.34961	)	8.07849
(	2.59862	2.51967	0.416222	3.70031	0.974269	0.501914	4.94216	9.99487	0.0925925	0.00100798	1.56823	0.182231	0.00100001	0.001	0.0505712	6.85442	0.135304	0.525074	0.994189	9.09208	)	8.07768
(	2.5989	2.51715	0.4286	3.73509	0.973323	0.500668	4.93935	9.99734	0.108557	0.00101848	1.56432	0.182388	0.001	0.001	0.0502557	6.78985	0.131996	0.533009	0.975836	8.80234	)	8.07737
(	2.59806	2.51187	0.431424	3.74093	0.971352	0.499653	4.93729	9.99703	0.141539	0.00102606	1.56159	0.182374	0.00100002	0.001	0.0499447	6.80562	0.130987	0.540634	0.983686	8.20567	)	8.07632
(	2.59805	2.51918	0.427674	3.74721	0.955861	0.499571	4.92982	9.99599	0.146897	0.00102545	1.56695	0.182474	0.00100002	0.001	0.0502542	6.78667	0.130741	0.528289	0.983901	8.09917	)	8.07627
(	2.5979	2.51946	0.418804	3.75059	0.959004	0.499516	4.92532	9.99438	0.14019	0.00101018	1.56634	0.182265	0.00100001	0.001	0.0503826	6.77226	0.1313	0.550117	0.989133	8.33645	)	8.07609
(	2.59808	2.51325	0.428334	3.74658	0.974714	0.500807	4.95069	9.99624	0.148579	0.00101937	1.55932	0.182205	0.001	0.001	0.0500151	6.82523	0.132456	0.541473	0.983896	8.6526	)	8.07595
(	2.59629	2.51267	0.422388	3.76576	0.970719	0.499946	4.93427	9.99535	0.166666	0.00102676	1.56578	0.182414	0.00100001	0.001	0.0497533	6.79682	0.129313	0.539354	0.982599	7.66487	)	8.07552
(	2.59804	2.51343	0.434479	3.74997	0.974921	0.500153	4.95193	9.99667	0.168667	0.00101311	1.55597	0.182352	0.001	0.001	0.049909	6.82285	0.131682	0.540313	0.984265	8.75379	)	8.07488
(	2.59636	2.51927	0.431387	3.74396	0.960361	0.505795	4.96322	9.99641	0.182839	0.00100846	1.54335	0.182231	0.00100003	0.00100001	0.0496441	6.82498	0.132692	0.529212	1.0031	9.13169	)	8.07378
(	2.59855	2.52194	0.434265	3.75048	0.976447	0.499158	4.96086	9.99689	0.206362	0.00100376	1.55098	0.182324	0.001	0.001	0.0497925	6.83688	0.133116	0.541342	0.984202	9.59152	)	8.07368
(	2.59553	2.52507	0.431913	3.74632	0.953166	0.509079	4.96351	9.99643	0.230248	0.00100164	1.55105	0.181634	0.00100004	0.00100001	0.0488088	6.8261	0.133032	0.52049	1.01783	9.54431	)	8.0734
(	2.59448	2.51485	0.429505	3.77603	0.961791	0.505124	4.9598	9.99622	0.220468	0.00100844	1.55625	0.182103	0.00100003	0.00100001	0.0490008	6.77252	0.132751	0.52705	1.00714	9.27635	)	8.07328
(	2.60058	2.51606	0.422675	3.74968	0.964054	0.498684	4.93077	9.99952	0.234787	0.00100738	1.55129	0.182402	0.00100001	0.001	0.0503836	6.84733	0.139207	0.545911	1.03126	8.93332	)	8.07305
(	2.59491	2.52908	0.441964	3.62928	0.946816	0.503911	4.96053	9.99706	0.200189	0.00100979	1.55772	0.182318	0.00100003	0.001	0.0485165	6.77563	0.132775	0.522601	1.00207	9.74895	)	8.07242
(	2.59768	2.51811	0.424819	3.75355	0.97257	0.503186	4.96065	9.99809	0.230869	0.00100783	1.5511	0.182391	0.001	0.00100001	0.0491278	6.86864	0.132961	0.532875	1.01854	9.00681	)	8.07211
(	2.5871	2.52851	0.443777	3.63491	0.947412	0.503922	4.94266	9.99708	0.255706	0.00100845	1.55033	0.182123	0.00100004	0.00100001	0.0476613	6.75553	0.132812	0.526601	1.01859	9.65526	)	8.07057
(	2.57664	2.52521	0.451664	3.62884	0.938981	0.504135	4.93412	9.99735	0.282565	0.00100652	1.54197	0.181988	0.00100007	0.00100001	0.0464824	6.74498	0.132475	0.530579	1.04141	9.55766	)	8.06956
(	2.58555	2.53473	0.431883	3.78058	0.964882	0.501672	4.95353	9.99871	0.285665	0.00100543	1.54556	0.181821	0.001	0.00100001	0.0484697	7.03432	0.127617	0.536364	1.03672	8.36796	)	8.0685
(	2.58498	2.53257	0.418169	3.77195	0.964077	0.501659	4.95697	9.99857	0.311702	0.00100552	1.54493	0.182267	0.001	0.001	0.0482141	7.10073	0.127518	0.534026	1.05066	8.36511	)	8.06824
(	2.58322	2.53706	0.424295	3.77584	0.97242	0.502073	4.96187	9.99861	0.341781	0.00100586	1.54536	0.181666	0.00100001	0.001	0.0477632	7.08046	0.127232	0.535492	1.03681	8.43434	)	8.06792
(	2.58832	2.53234	0.392868	3.81274	0.966874	0.501008	4.95368	9.99865	0.309928	0.00100639	1.54606	0.182292	0.00100001	0.001	0.0484078	7.28867	0.124694	0.535808	1.05898	8.29471	)	8.06735
(	2.59511	2.54112	0.42866	3.77323	0.968894	0.503377	4.97747	9.99899	0.359842	0.00100368	1.53279	0.18205	0.001	0.00100001	0.0466308	7.11702	0.120838	0.528239	1.02012	7.97992	)	8.06721
(	2.59188	2.54842	0.431629	3.76361	0.968592	0.503577	5.00438	9.99977	0.402639	0.00102178	1.53461	0.181721	0.001	0.00100001	0.0450129	7.0885	0.120774	0.557601	1.05013	8.87576	)	8.06707
(	2.58734	2.537	0.427179	3.85187	0.964942	0.501054	4.94563	9.99835	0.371542	0.00100533	1.55039	0.182285	0.00100001	0.001	0.0471153	7.33489	0.124638	0.498234	1.0825	7.76825	)	8.06648
(	2.58935	2.54372	0.4189	3.76463	0.967414	0.503045	4.98766	9.99958	0.418843	0.00102561	1.53339	0.181655	0.001	0.00100001	0.0446034	7.14305	0.119987	0.55072	1.05823	9.06938	)	8.06635
(	2.60074	2.55102	0.399907	3.75715	0.950259	0.503268	4.96273	9.9999	0.418636	0.00103412	1.52799	0.181822	0.001	0.00100001	0.0464374	7.30548	0.119147	0.569437	1.04418	9.25773	)	8.06528
(	2.58822	2.54341	0.415697	3.75232	0.957041	0.503201	4.96585	9.99997	0.367729	0.00102918	1.53529	0.181218	0.001	0.00100001	0.0450693	7.16762	0.121307	0.549707	1.06613	9.41919	)	8.06502
(	2.60138	2.55071	0.423161	3.75957	0.948771	0.504268	4.97205	9.99977	0.410113	0.00102532	1.53035	0.181817	0.001	0.00100001	0.0460741	7.31719	0.118649	0.512786	1.04711	9.06599	)	8.065
(	2.59263	2.56003	0.430242	3.769	0.937882	0.505553	4.97458	9.99987	0.434875	0.00102373	1.53231	0.181983	0.001	0.00100001	0.0454794	7.65291	0.114521	0.546805	1.08438	8.74664	)	8.06411
(	2.59513	2.55911	0.427781	3.77079	0.943299	0.504285	4.97623	9.99975	0.41554	0.0010232	1.53414	0.181844	0.001	0.00100001	0.0455684	7.45803	0.117597	0.515978	1.0798	8.93948	)	8.06387
(	2.59504	2.56269	0.428881	3.78055	0.94037	0.504481	4.98	9.99973	0.417864	0.00102239	1.5397	0.181911	0.001	0.00100001	0.0451975	7.59039	0.115444	0.53453	1.09794	8.89777	)	8.06332
(	2.59395	2.55023	0.437333	3.79982	0.941117	0.502228	4.98562	9.99984	0.4094	0.00102527	1.53417	0.181697	0.001	0.00100001	0.0448169	7.65114	0.116581	0.550189	1.13185	9.49206	)	8.06325
(	2.59461	2.55957	0.429276	3.78238	0.940624	0.504136	4.99632	9.99939	0.421801	0.00102236	1.53662	0.181934	0.001	0.00100001	0.0450922	7.64766	0.116142	0.53068	1.11389	8.89163	)	8.06315
(	2.5932	2.55072	0.437538	3.81503	0.942818	0.501873	4.98499	9.99997	0.397561	0.00102289	1.53336	0.18201	0.001	0.00100001	0.0446673	7.67965	0.116958	0.54964	1.14154	9.57542	)	8.06285
(	2.59292	2.54645	0.442203	3.76785	0.955916	0.501069	4.96624	10	0.382149	0.00103503	1.53515	0.181535	0.001	0.00100001	0.0410023	7.0999	0.119	0.669633	1.1543	9.12279	)	8.06277
(	2.59293	2.55378	0.443292	3.79285	0.944145	0.500629	4.97473	9.99998	0.385839	0.00102386	1.53625	0.182096	0.001	0.00100001	0.0440967	7.67697	0.11783	0.57319	1.1546	9.49368	)	8.06264
(	2.59494	2.56907	0.429913	3.78493	0.933826	0.504386	4.9839	9.99977	0.433376	0.00101949	1.53872	0.18195	0.001	0.00100001	0.0454063	7.77667	0.118069	0.529951	1.1499	9.11211	)	8.06253
(	2.58195	2.54934	0.436974	3.79463	0.957867	0.505167	4.98435	10	0.381453	0.00102651	1.534	0.181414	0.001	0.00100001	0.0456597	7.88746	0.120262	0.564275	1.1601	9.79437	)	8.06228
(	2.59312	2.55212	0.453427	3.79687	0.951155	0.502259	4.94672	9.99992	0.390037	0.00102466	1.53667	0.181886	0.001	0.00100001	0.0444781	7.63542	0.117845	0.552918	1.13283	9.26724	)	8.06223
(	2.59984	2.56928	0.430382	3.78765	0.938159	0.503892	4.98311	9.99976	0.436123	0.00101889	1.53535	0.18196	0.001	0.00100001	0.0456168	7.86568	0.118481	0.538294	1.15487	9.16308	)	8.06223
(	2.6019	2.56917	0.430444	3.79163	0.933065	0.504428	4.98324	9.99974	0.433458	0.00101676	1.53863	0.181974	0.001	0.00100001	0.0457094	7.91945	0.117646	0.52626	1.16096	9.1626	)	8.06215
(	2.60693	2.57317	0.430999	3.77453	0.938747	0.503284	4.97247	9.99948	0.412756	0.00100838	1.5375	0.181915	0.001	0.00100001	0.0436806	7.72285	0.115138	0.525881	1.15558	9.20927	)	8.06211
(	2.59284	2.5521	0.437814	3.7438	0.950461	0.505259	4.97643	9.99944	0.409262	0.00102583	1.53781	0.181948	0.001	0.00100001	0.0458879	8.30432	0.119658	0.574637	1.19762	9.66157	)	8.06094
(	2.59184	2.5548	0.433314	3.74179	0.950167	0.505391	4.97619	9.9995	0.394119	0.00103268	1.53775	0.182117	0.001	0.00100001	0.0459122	8.57288	0.119635	0.597226	1.23825	9.52259	)	8.0603
(	2.5925	2.55651	0.433029	3.75896	0.950159	0.504628	4.9745	9.9996	0.406519	0.00102603	1.53743	0.182168	0.001	0.00100001	0.0460242	8.49417	0.119703	0.594325	1.23678	9.47113	)	8.06022
(	2.59751	2.55605	0.426743	3.73491	0.94544	0.505023	4.97473	9.99944	0.395785	0.00102531	1.53461	0.181637	0.001	0.00100001	0.0457061	9.12641	0.119194	0.593842	1.32272	9.5717	)	8.05829
(	2.59626	2.55305	0.423128	3.72878	0.944522	0.50434	4.97443	9.99948	0.387805	0.00102262	1.5352	0.181572	0.001	0.00100001	0.0457884	9.18176	0.119094	0.574963	1.32406	9.89073	)	8.05816
(	2.60209	2.55543	0.423659	3.68899	0.937297	0.504351	4.97778	9.99953	0.394042	0.00102072	1.53475	0.181792	0.001	0.00100001	0.0459042	10	0.119345	0.578372	1.43733	9.79971	)	8.05623
(	2.58204	2.54703	0.452767	3.66758	0.929453	0.501288	4.96289	9.99951	0.39549	0.0010286	1.53679	0.180965	0.001	0.00100001	0.0447665	9.8846	0.117078	0.568713	1.42973	9.77369	)	8.05616
(	2.57754	2.54586	0.466098	3.66287	0.936481	0.501565	4.96863	9.99929	0.396609	0.00107458	1.53787	0.180757	0.001	0.00100001	0.044779	9.90844	0.117286	0.568298	1.42468	9.86158	)	8.05609
(	2.58053	2.54958	0.458139	3.67515	0.922161	0.501518	4.9627	9.99951	0.395631	0.00102909	1.53533	0.180679	0.001	0.00100001	0.0449684	9.93733	0.116501	0.558096	1.44805	9.82131	)	8.05589
(	2.55763	2.53241	0.46584	3.69298	0.921075	0.501549	4.94399	9.99934	0.394659	0.00102083	1.53598	0.181138	0.001	0.00100001	0.0449911	9.88129	0.117248	0.532326	1.44778	9.7937	)	8.05553
(	2.5777	2.54957	0.460027	3.6565	0.909366	0.501461	4.95849	9.99951	0.39545	0.0010292	1.5347	0.180636	0.001	0.00100001	0.0449356	9.99102	0.116429	0.546655	1.45813	9.87689	)	8.05541
(	2.58816	2.55651	0.473238	3.68035	0.918906	0.502468	4.95228	9.9992	0.397933	0.00104859	1.53619	0.180555	0.001	0.00100001	0.0444452	9.96987	0.118067	0.525569	1.48824	9.74138	)	8.05501
(	2.59344	2.5607	0.476658	3.70108	0.920287	0.503102	4.95407	9.99916	0.397549	0.00105669	1.53659	0.180528	0.001	0.00100001	0.0443419	9.95373	0.119226	0.508707	1.49916	9.80457	)	8.05484
(	2.59304	2.55762	0.465138	3.64987	0.91092	0.501695	4.94685	9.99931	0.436914	0.00110531	1.53491	0.180883	0.001	0.001	0.0444862	9.94136	0.115988	0.529479	1.44761	9.81261	)	8.05472
(	2.59085	2.56166	0.481412	3.70985	0.926417	0.503267	4.95084	9.99912	0.398617	0.00106146	1.53629	0.180521	0.001	0.00100001	0.0441149	9.94935	0.119888	0.502409	1.50856	9.78218	)	8.05448
(	2.58855	2.55701	0.465113	3.64683	0.913111	0.501658	4.94664	9.99932	0.435257	0.00111355	1.53509	0.18091	0.001	0.001	0.0445021	9.93709	0.115993	0.526814	1.44766	9.79159	)	8.05443
(	2.5845	2.55978	0.47822	3.70702	0.927095	0.503014	4.95061	9.99916	0.398507	0.00105752	1.53556	0.180544	0.001	0.00100001	0.0441007	9.95655	0.119835	0.505178	1.50793	9.78825	)	8.05441
(	2.5853	2.55657	0.465096	3.64464	0.914692	0.501631	4.94649	9.99932	0.434062	0.0011195	1.53522	0.18093	0.001	0.001	0.0445135	9.93401	0.115997	0.524891	1.44771	9.77643	)	8.05436
(	2.60145	2.57743	0.463046	3.6331	0.915036	0.501412	4.95048	9.99932	0.438572	0.00112285	1.53499	0.180971	0.001	0.001	0.0444391	9.95319	0.115782	0.51899	1.44769	9.76297	)	8.05432
(	2.60532	2.57707	0.465041	3.59328	0.905517	0.50089	4.93917	9.99931	0.457361	0.00121899	1.53529	0.18101	0.001	0.00100001	0.0441161	9.96452	0.11563	0.523301	1.45258	9.78205	)	8.05369
(	2.60874	2.58907	0.467621	3.58453	0.901288	0.500261	4.92952	9.99945	0.488717	0.00123991	1.53517	0.181296	0.001	0.00100001	0.0440003	9.96273	0.115191	0.521011	1.45826	9.7914	)	8.0533
(	2.59009	2.55989	0.49624	3.62952	0.9096	0.502467	4.96543	9.99915	0.443939	0.00116681	1.53801	0.181558	0.001	0.00100001	0.0437764	9.95693	0.118377	0.529145	1.49933	10	)	8.05324
(	2.58618	2.56357	0.501673	3.66725	0.911336	0.502066	4.95532	9.9992	0.450379	0.00115375	1.53726	0.181685	0.001	0.00100001	0.0439686	10	0.117817	0.525907	1.50541	9.8749	)	8.05307
(	2.58732	2.55929	0.508937	3.62473	0.91041	0.502535	4.97131	9.99907	0.433808	0.00116486	1.53999	0.182321	0.001	0.00100001	0.0433925	9.96279	0.118227	0.538787	1.51329	9.9996	)	8.05306
(	2.59722	2.58795	0.526247	3.65482	0.906207	0.500924	4.9319	9.99921	0.434559	0.00116172	1.53556	0.180763	0.001	0.00100002	0.0433437	9.98366	0.115931	0.330781	1.48704	9.72899	)	8.05305
(	2.59697	2.58192	0.527131	3.66344	0.90729	0.50163	4.93013	9.99915	0.447225	0.00118807	1.53619	0.180739	0.001	0.001	0.043224	9.98122	0.116503	0.334327	1.49656	9.74044	)	8.05284
(	2.59739	2.58401	0.51583	3.64443	0.904717	0.502045	4.93952	9.99921	0.45307	0.00116977	1.53789	0.181398	0.001	0.00100001	0.0436758	9.96335	0.118262	0.452334	1.51551	9.92888	)	8.05282
(	2.59471	2.58356	0.514874	3.64018	0.904612	0.502017	4.94393	9.99918	0.45506	0.00117698	1.53698	0.181464	0.001	0.00100001	0.0436806	9.95656	0.118894	0.466821	1.52153	9.86449	)	8.05269
(	2.58875	2.5812	0.559267	3.65463	0.909306	0.502299	4.94308	9.99904	0.471095	0.00118064	1.53775	0.181317	0.001	0.00100001	0.0428019	9.97606	0.117723	0.526966	1.53403	9.89014	)	8.05217
(	2.58819	2.58613	0.554225	3.64515	0.910815	0.50241	4.94042	9.99906	0.482607	0.00117825	1.5376	0.181368	0.001	0.001	0.0426768	9.97215	0.11726	0.503327	1.53622	9.91123	)	8.05212
(	2.58874	2.58288	0.561224	3.65501	0.909122	0.502304	4.93784	9.9992	0.471726	0.00118176	1.53776	0.181351	0.001	0.00100001	0.0428761	9.97692	0.117769	0.523627	1.53801	9.87849	)	8.052
(	2.58534	2.58422	0.565676	3.65424	0.910628	0.502263	4.93526	9.99926	0.47626	0.00118825	1.53777	0.181395	0.001	0.00100001	0.0429422	9.97729	0.117712	0.503462	1.53355	9.89265	)	8.0519
(	2.5865	2.59347	0.564504	3.65507	0.920212	0.502285	4.93632	9.99933	0.476481	0.00121643	1.53993	0.181216	0.001	0.00100001	0.0427374	9.97737	0.117615	0.475054	1.52711	9.77965	)	8.0519
(	2.5846	2.58406	0.570222	3.65683	0.911518	0.502268	4.93671	9.99925	0.480297	0.00119826	1.53776	0.181366	0.001	0.00100001	0.0428992	9.97837	0.117538	0.517353	1.53662	9.89297	)	8.05185
(	2.60028	2.58959	0.561387	3.65195	0.918808	0.501708	4.93291	9.99945	0.464689	0.00129508	1.53735	0.181156	0.001	0.00100001	0.0428653	9.97579	0.11832	0.442162	1.52224	9.76875	)	8.05165
(	2.57298	2.5844	0.584167	3.66668	0.91313	0.502601	4.94635	9.99867	0.508038	0.001196	1.53977	0.182147	0.001	0.00100001	0.0424411	9.97838	0.117525	0.516899	1.55414	10	)	8.05156
(	2.57508	2.57562	0.586597	3.66536	0.912317	0.502549	4.94643	9.9987	0.5072	0.00124309	1.53929	0.181936	0.001	0.00100001	0.0421793	9.98724	0.118141	0.516492	1.55408	9.99327	)	8.05149
(	2.58648	2.57879	0.57159	3.65471	0.912303	0.502563	4.9405	9.99916	0.485445	0.00121689	1.53679	0.181659	0.001	0.00100001	0.0421109	9.98037	0.117511	0.513481	1.55779	9.95277	)	8.05142
(	2.57609	2.58147	0.572472	3.66267	0.910796	0.502305	4.94101	9.99909	0.489249	0.0011968	1.53684	0.181414	0.001	0.00100001	0.0420292	9.97986	0.117452	0.522587	1.56925	10	)	8.05133
(	2.56729	2.58429	0.650748	3.64795	0.914158	0.50211	4.94808	9.99801	0.505896	0.00119858	1.53313	0.182406	0.001	0.00100001	0.0419632	9.98034	0.117416	0.550597	1.55178	9.86073	)	8.05101
(	2.56128	2.57996	0.683166	3.65086	0.914265	0.502219	4.94719	9.99766	0.50453	0.00120374	1.53553	0.18238	0.001	0.00100001	0.0415562	9.98174	0.116621	0.568346	1.56221	9.87408	)	8.05069
(	2.56173	2.58258	0.678173	3.64652	0.914046	0.502117	4.94718	9.99808	0.504165	0.00120218	1.53315	0.18246	0.001	0.00100001	0.0418603	9.98066	0.117398	0.54295	1.55568	9.99168	)	8.05068
(	2.56215	2.58143	0.666633	3.64654	0.917521	0.501993	4.93813	9.99767	0.504906	0.00122438	1.53949	0.182591	0.001	0.00100001	0.041042	9.9831	0.116194	0.502849	1.55768	9.89195	)	8.05059
(	2.56892	2.58644	0.644794	3.64543	0.917353	0.501983	4.93842	9.9975	0.511215	0.00122726	1.53975	0.18252	0.001	0.00100001	0.0412721	9.98284	0.116414	0.507233	1.55722	9.8919	)	8.05058
(	2.55562	2.57584	0.710074	3.66939	0.915869	0.502078	4.94386	10	0.523129	0.0012528	1.532	0.18196	0.001	0.00100002	0.0415853	9.98349	0.116791	0.505788	1.55996	9.89225	)	8.05042
(	2.55734	2.58129	0.668472	3.64519	0.917324	0.502063	4.93717	9.99784	0.507962	0.00122548	1.53944	0.182597	0.001	0.00100001	0.0412948	9.98283	0.116635	0.472859	1.55711	9.88544	)	8.05041
(	2.54179	2.56646	0.7004	3.66677	0.913995	0.502931	4.94698	9.99777	0.498985	0.00122961	1.53963	0.182376	0.001	0.00100001	0.0415679	9.98752	0.116803	0.598685	1.5791	9.89545	)	8.05031
(	2.5557	2.57466	0.703225	3.67865	0.916163	0.501959	4.94109	10	0.526264	0.00128401	1.52966	0.181738	0.001	0.00100002	0.0417942	9.98274	0.11691	0.472274	1.55648	9.8618	)	8.0503
(	2.5563	2.57437	0.665513	3.64754	0.913013	0.502394	4.93846	9.99931	0.494837	0.00123484	1.5375	0.181693	0.001	0.00100001	0.0411526	9.99191	0.117429	0.478053	1.58432	9.98818	)	8.0502
(	2.55501	2.5736	0.68425	3.67174	0.914679	0.501361	4.94192	9.99995	0.523512	0.00136136	1.53124	0.181556	0.001	0.00100002	0.0417777	9.98268	0.116708	0.476099	1.5583	9.85354	)	8.04986
(	2.51222	2.56803	0.73377	3.67009	0.91014	0.500995	4.94588	9.99926	0.532831	0.00140062	1.53913	0.180339	0.001	0.00100001	0.0419436	9.98675	0.118352	0.540653	1.60637	9.90939	)	8.04965
(	2.5358	2.57666	0.706874	3.66043	0.909091	0.50225	4.94285	9.99837	0.528701	0.00135538	1.54173	0.182262	0.001	0.00100001	0.0418793	9.98561	0.11886	0.55742	1.60508	9.94994	)	8.04952
(	2.54725	2.57852	0.700861	3.66014	0.910617	0.50222	4.9469	9.99799	0.531066	0.00136433	1.54001	0.182335	0.001	0.00100001	0.0419017	9.98327	0.119358	0.552878	1.60272	9.94881	)	8.04928
(	2.53683	2.57422	0.706017	3.66855	0.909525	0.5014	4.94118	9.99892	0.533562	0.00141637	1.54491	0.181906	0.001	0.00100001	0.041302	9.98734	0.118786	0.550939	1.63446	9.87445	)	8.04907
(	2.54129	2.57489	0.705238	3.66372	0.908878	0.501741	4.93843	9.99841	0.537874	0.00141914	1.54285	0.181747	0.001	0.00100001	0.0411644	9.98849	0.119029	0.55779	1.63334	9.88372	)	8.04887
(	2.53733	2.57635	0.727018	3.66272	0.913133	0.501556	4.94325	9.99776	0.572722	0.00145651	1.5348	0.181545	0.001	0.00100001	0.0419909	9.98726	0.119659	0.540893	1.59387	9.86889	)	8.04874
(	2.53363	2.57354	0.723929	3.66527	0.913549	0.501637	4.94378	9.99766	0.569794	0.00144384	1.5329	0.181544	0.001	0.00100001	0.0416903	9.98688	0.119798	0.534868	1.61175	9.86797	)	8.0486
(	2.54246	2.57432	0.701066	3.6637	0.917245	0.501559	4.94176	9.99659	0.584464	0.00144169	1.53528	0.181499	0.001	0.00100001	0.0413335	9.98974	0.119714	0.534046	1.61775	9.84872	)	8.04847
(	2.54604	2.57509	0.66828	3.66358	0.922444	0.501524	4.9409	9.99833	0.559273	0.00144293	1.53617	0.181072	0.001	0.00100001	0.0398551	9.9945	0.119692	0.557266	1.67866	9.78966	)	8.04824
(	2.54382	2.57689	0.706497	3.66119	0.922177	0.501499	4.94139	9.99776	0.562603	0.00142321	1.53684	0.18096	0.001	0.00100001	0.0395917	9.99462	0.118999	0.588224	1.67956	9.76952	)	8.04803
(	2.54602	2.57394	0.665912	3.66663	0.923915	0.501224	4.94227	9.99857	0.571635	0.00145075	1.53358	0.180926	0.001	0.00100001	0.0394553	9.9964	0.119699	0.560625	1.69093	9.79537	)	8.04801
(	2.52422	2.57933	0.824196	3.66366	0.905339	0.50402	4.94153	9.99713	0.56898	0.00146538	1.53265	0.181201	0.001	0.00100001	0.0404119	9.98569	0.11921	0.503473	1.66274	9.80758	)	8.04784
(	2.54745	2.57355	0.668158	3.6694	0.914842	0.501209	4.94219	9.99943	0.584871	0.00146688	1.5319	0.181219	0.001	0.00100001	0.0392403	9.99545	0.118925	0.540025	1.70427	9.85845	)	8.04775
(	2.52981	2.57864	0.807117	3.66129	0.910326	0.501998	4.93976	9.99646	0.567236	0.00150739	1.53265	0.181307	0.001	0.00100001	0.0407295	9.98596	0.119324	0.511548	1.64054	9.82717	)	8.04768
(	2.52951	2.58242	0.813216	3.66014	0.911742	0.502656	4.9395	9.9961	0.576744	0.00152918	1.53022	0.181348	0.001	0.00100001	0.0406623	9.98644	0.11917	0.509261	1.64206	9.79601	)	8.04765
(	2.52524	2.58019	0.837626	3.65932	0.911952	0.502261	4.94027	9.99611	0.585628	0.00147861	1.53187	0.181377	0.001	0.00100001	0.0405813	9.98502	0.119437	0.509757	1.63394	9.84892	)	8.04756
(	2.52405	2.57807	0.819925	3.65946	0.9121	0.501709	4.93961	9.99792	0.584168	0.0014999	1.53284	0.181392	0.001	0.00100001	0.0406173	9.97874	0.119211	0.512402	1.63266	9.9225	)	8.04747
(	2.52336	2.58332	0.868499	3.65884	0.910489	0.502773	4.94269	9.99457	0.593131	0.00151594	1.5289	0.181304	0.001	0.00100001	0.0404884	9.98765	0.119199	0.507289	1.6356	9.82249	)	8.04745
(	2.52308	2.5816	0.862538	3.65845	0.910597	0.502295	4.94322	9.99503	0.599834	0.0015788	1.52603	0.18119	0.001	0.00100001	0.0404399	9.9836	0.118313	0.504182	1.63004	9.87052	)	8.04739
(	2.52143	2.58713	0.911285	3.65843	0.908383	0.503326	4.94471	9.99276	0.596828	0.00155171	1.52547	0.181274	0.001	0.00100001	0.0404436	9.99039	0.118932	0.505689	1.63799	9.79678	)	8.04736
(	2.5505	2.57531	0.669037	3.67134	0.911567	0.501033	4.94251	10	0.603622	0.00147589	1.53189	0.181359	0.001	0.00100001	0.0386638	9.99604	0.119307	0.505412	1.7299	9.86968	)	8.0473
(	2.52069	2.59006	0.929043	3.66007	0.903752	0.502454	4.94649	9.992	0.621439	0.00154807	1.52463	0.181256	0.001	0.00100001	0.0403666	9.99596	0.119159	0.503127	1.65847	9.73375	)	8.04696
(	2.51663	2.5921	0.889348	3.66678	0.903651	0.502893	4.94411	9.9938	0.600611	0.00152999	1.53029	0.181288	0.001	0.00100001	0.0404866	9.98911	0.121085	0.504705	1.68776	9.71506	)	8.04674
(	2.49987	2.58906	1.00526	3.64909	0.909314	0.502328	4.94653	9.99258	0.59289	0.00148532	1.5296	0.181239	0.001	0.00100001	0.0403889	9.99061	0.119352	0.47945	1.63832	9.80276	)	8.04658
(	2.52266	2.60071	0.905725	3.66685	0.914446	0.501632	4.927	9.99479	0.592703	0.00158123	1.53246	0.180894	0.001	0.00100001	0.0396983	9.97999	0.119437	0.503918	1.68608	9.52334	)	8.04627
(	2.47862	2.57476	1.04585	3.63272	0.908618	0.502132	4.94597	9.99406	0.592708	0.00145887	1.52711	0.182328	0.001	0.00100001	0.0398107	9.99357	0.119894	0.463882	1.65619	9.85682	)	8.0462
(	2.48068	2.59053	1.1093	3.64013	0.908793	0.501324	4.94768	9.99702	0.589855	0.00148001	1.52725	0.18123	0.001	0.00100001	0.0403258	9.99399	0.119653	0.455835	1.6348	9.80343	)	8.04611
(	2.50007	2.57907	0.963571	3.62747	0.908261	0.499766	4.92884	10	0.573193	0.00150694	1.52197	0.180809	0.001	0.00100001	0.0393309	10	0.120034	0.470824	1.68714	10	)	8.04579
(	2.49096	2.59141	1.01058	3.63562	0.912512	0.501761	4.93635	9.99213	0.619013	0.00174436	1.5324	0.181096	0.001	0.00100001	0.0394753	9.986	0.122052	0.486914	1.7324	9.21368	)	8.04522
(	2.47974	2.60456	1.08784	3.62179	0.905949	0.501551	4.92702	9.99447	0.587137	0.00162479	1.53172	0.180945	0.001	0.00100001	0.0395936	9.98555	0.122197	0.468622	1.72012	9.98745	)	8.04468
(	2.39855	2.58707	1.47091	3.68333	0.905784	0.502433	4.93533	10	0.575769	0.00147379	1.51646	0.180514	0.001	0.00100001	0.0402852	9.99706	0.120057	0.447006	1.67269	10	)	8.04467
(	2.47795	2.59506	1.11116	3.60916	0.905386	0.50163	4.92398	9.9945	0.581546	0.00161811	1.532	0.180805	0.001	0.00100001	0.0394189	9.9876	0.12221	0.465645	1.70996	9.87639	)	8.04463
(	2.45294	2.60454	1.16922	3.61413	0.910147	0.501808	4.93307	9.99364	0.630631	0.00185211	1.53467	0.180742	0.001	0.001	0.0393836	9.98478	0.123407	0.48621	1.74868	9.04383	)	8.04458
(	2.41664	2.56325	1.20443	3.59402	0.909375	0.501598	4.93365	9.99188	0.637967	0.00167839	1.53503	0.18047	0.001	0.001	0.0395054	9.9856	0.124159	0.481712	1.74064	9.12	)	8.04413
(	2.43595	2.59322	1.25249	3.59169	0.90898	0.501287	4.93406	9.98795	0.664458	0.0018096	1.53399	0.180326	0.001	0.001	0.0395459	9.98419	0.124414	0.486292	1.74695	8.6216	)	8.04315
(	2.40889	2.58767	1.35365	3.55649	0.904044	0.500945	4.92743	9.98545	0.682242	0.00187487	1.53362	0.179761	0.001	0.001	0.0397224	9.98651	0.126171	0.480485	1.7632	8.08517	)	8.04297
(	2.39404	2.58659	1.39169	3.62036	0.908933	0.501409	4.92903	9.98413	0.649761	0.00183586	1.53399	0.180103	0.001	0.001	0.0397596	9.97814	0.124988	0.493174	1.75109	8.85015	)	8.04224
(	2.3892	2.58537	1.40961	3.56118	0.901046	0.500717	4.92769	9.98483	0.705602	0.00199692	1.5338	0.17964	0.001	0.001	0.0394186	9.98637	0.126847	0.456069	1.78401	7.99254	)	8.04179
(	2.36877	2.58979	1.59631	3.56379	0.900834	0.501209	4.93024	9.99188	0.671617	0.00207283	1.53202	0.180496	0.001	0.001	0.0396661	9.98121	0.12459	0.480806	1.74306	8.19291	)	8.04124
(	2.36101	2.58445	1.55087	3.60748	0.9026	0.501018	4.92991	9.99101	0.678767	0.00193828	1.53154	0.179644	0.001	0.00100001	0.0396583	9.97847	0.123819	0.490504	1.75767	8.08886	)	8.0412
(	2.3438	2.58085	1.62435	3.56677	0.900439	0.501101	4.927	9.9933	0.676728	0.00207575	1.52864	0.179184	0.001	0.00100001	0.0397085	9.97933	0.12416	0.478637	1.75374	8.1202	)	8.04105
(	2.34078	2.57724	1.60489	3.58527	0.899067	0.501289	4.92726	9.99138	0.691584	0.00202693	1.52679	0.17979	0.001	0.00100001	0.0396588	9.98029	0.123856	0.4484	1.7565	8.19628	)	8.04094
(	2.33083	2.57402	1.66901	3.55556	0.897027	0.500872	4.92695	9.99194	0.674635	0.00195272	1.52904	0.179917	0.001	0.00100001	0.0397012	9.97956	0.124125	0.492474	1.7534	7.92933	)	8.04058
(	2.33134	2.57274	1.65408	3.57247	0.896626	0.501028	4.92724	9.99311	0.681373	0.00198281	1.52755	0.180087	0.001	0.00100001	0.0396857	9.97974	0.123335	0.511681	1.75469	7.96593	)	8.0405
(	2.32583	2.57776	1.72403	3.55919	0.89329	0.501138	4.92762	9.9948	0.667098	0.00193221	1.5308	0.180584	0.001	0.00100002	0.0396829	9.97916	0.123144	0.558718	1.75296	8.11125	)	8.04016
(	2.31749	2.58447	1.79192	3.54985	0.889745	0.501175	4.92681	9.99508	0.665989	0.00187449	1.52885	0.180973	0.001	0.00100002	0.03971	9.97742	0.122087	0.625939	1.75197	8.07662	)	8.03991
(	2.31454	2.58356	1.80337	3.56143	0.894547	0.500507	4.92772	9.99439	0.66996	0.00196521	1.53079	0.180675	0.001	0.00100001	0.0396788	9.98098	0.121843	0.651933	1.74239	8.34734	)	8.03986
(	2.30776	2.58419	1.8765	3.55988	0.895088	0.50036	4.92544	9.99511	0.653857	0.0018999	1.53098	0.181191	0.001	0.00100002	0.0397175	9.98128	0.121465	0.687324	1.74246	8.34963	)	8.03975
(	2.29323	2.58447	1.9429	3.57374	0.899419	0.500294	4.92535	9.99467	0.655099	0.00194458	1.52949	0.181237	0.001	0.00100002	0.0396966	9.98303	0.12133	0.71244	1.74687	8.32367	)	8.03925
(	2.27404	2.58664	2.03944	3.56822	0.892398	0.500552	4.93101	9.99541	0.642438	0.00194143	1.53307	0.181394	0.001	0.001	0.0396227	9.98439	0.123283	0.484317	1.74757	8.4482	)	8.03839
(	2.26784	2.58698	2.07426	3.57255	0.900661	0.500483	4.92491	9.99403	0.669244	0.00196967	1.52937	0.181486	0.001	0.00100002	0.0396891	9.98731	0.122076	0.713464	1.75195	8.40827	)	8.03832
(	2.23422	2.60113	2.30099	3.54554	0.89411	0.500464	4.92616	9.99306	0.622101	0.00193327	1.52897	0.181364	0.001	0.001	0.0397269	9.98945	0.121871	0.768037	1.74244	8.83893	)	8.03804
(	2.25378	2.59401	2.15205	3.5638	0.894241	0.500433	4.92487	9.99335	0.67843	0.00190716	1.52964	0.181356	0.001	0.00100001	0.0396822	9.98902	0.122479	0.702428	1.7535	8.41325	)	8.03797
(	2.21116	2.59954	2.43612	3.56732	0.896168	0.501394	4.93035	9.98992	0.673261	0.00200935	1.5306	0.180526	0.001	0.00100001	0.0396629	9.99484	0.123968	0.642163	1.75018	8.50328	)	8.03775
(	2.24876	2.59286	2.13087	3.57642	0.896608	0.500488	4.92972	9.99341	0.655537	0.00196883	1.53385	0.181584	0.001	0.00100001	0.0396514	9.98344	0.125842	0.343592	1.75113	8.48685	)	8.03765
(	2.2266	2.59274	2.33608	3.54881	0.900525	0.502291	4.93311	9.9902	0.666972	0.00199923	1.52981	0.181304	0.001	0.00100001	0.0398522	10	0.123646	0.671929	1.75168	8.45695	)	8.03724
(	2.12625	2.6043	2.97965	3.5412	0.897622	0.501555	4.93314	9.98688	0.676648	0.00209456	1.52742	0.18229	0.001	0.00100002	0.039884	10	0.125064	0.652975	1.75517	9.46597	)	8.03429
(	2.02001	2.59555	3.46448	3.56524	0.899253	0.503245	4.93455	9.9863	0.672787	0.00197307	1.52919	0.182119	0.001	0.00100001	0.0397585	9.9969	0.123439	0.643379	1.75791	8.44116	)	8.03254
(	2.05715	2.60185	3.29977	3.50672	0.897015	0.501671	4.93439	9.98463	0.685572	0.00212311	1.51991	0.180015	0.001	0.00100001	0.0396904	10	0.12508	0.725529	1.76455	9.77835	)	8.03248
(	2.04414	2.58619	3.32651	3.50444	0.89984	0.500655	4.93993	9.98303	0.67789	0.00215622	1.52432	0.180571	0.001	0.00100001	0.0397414	10	0.125951	0.730301	1.75984	10	)	8.03231
(	2.0305	2.58672	3.42092	3.49788	0.897747	0.501702	4.93526	9.98359	0.705034	0.00231345	1.51774	0.179901	0.001	0.00100001	0.039579	10	0.124979	0.766154	1.76816	9.99094	)	8.03178
(	2.00429	2.5814	3.55601	3.48504	0.895175	0.498688	4.93799	9.98315	0.702493	0.00240406	1.51327	0.178192	0.001	0.00100001	0.0395772	10	0.124516	0.766128	1.76552	9.99287	)	8.03121
(	1.98351	2.62341	3.92686	3.6051	0.902605	0.504203	4.93312	9.99033	0.586551	0.00199448	1.52989	0.180994	0.001	0.001	0.039072	10	0.121939	0.521735	1.74934	9.94895	)	8.03008
(	1.85428	2.62092	4.83697	3.58257	0.895515	0.501781	4.93644	9.99643	0.641876	0.00244687	1.52535	0.181096	0.001	0.00100001	0.039678	9.99233	0.12589	0.575379	1.78624	9.34641	)	8.02603
(	1.81634	2.63049	5.31412	3.56423	0.895874	0.501791	4.93715	9.99623	0.658869	0.00233464	1.52369	0.180968	0.001	0.00100001	0.0399342	9.99177	0.127195	0.576429	1.77177	9.36307	)	8.02535
(	1.83735	2.62154	5.01461	3.59619	0.895296	0.501792	4.93655	9.99631	0.633171	0.00242757	1.52526	0.181159	0.001	0.00100001	0.0396822	9.99117	0.126292	0.568444	1.79161	9.28953	)	8.02534
(	1.7817	2.62812	5.54708	3.55853	0.89519	0.501839	4.93973	9.99764	0.634459	0.0024394	1.52152	0.181021	0.001	0.00100001	0.0401208	9.99756	0.128294	0.552949	1.77096	9.2892	)	8.02398
(	1.69338	2.63463	6.33065	3.57135	0.892941	0.498654	4.94008	9.99718	0.63962	0.00268968	1.52131	0.18003	0.001	0.00100001	0.0398948	9.98893	0.126976	0.565691	1.78737	9.4747	)	8.02067
(	1.57382	2.63811	7.50399	3.54622	0.901222	0.503277	4.92586	9.99549	0.629815	0.00250417	1.53056	0.181224	0.001	0.00100002	0.0389857	9.98172	0.121302	0.592768	1.72288	9.9421	)	8.01919
(	1.5477	2.64005	7.73924	3.53813	0.903365	0.500055	4.92934	9.99322	0.669763	0.00258474	1.5421	0.181523	0.001	0.00100003	0.0394084	9.96595	0.123258	0.615377	1.71947	9.54697	)	8.01914
(	1.48478	2.64634	8.60841	3.56782	0.891926	0.497179	4.9423	9.99808	0.654531	0.00272394	1.51786	0.179102	0.001	0.00100001	0.0403526	9.99594	0.130059	0.635614	1.78762	9.61689	)	8.01869
(	1.38833	2.64459	9.81872	3.56241	0.884995	0.497732	4.93346	9.99774	0.575119	0.00270691	1.5204	0.179731	0.001	0.001	0.039962	9.98801	0.125426	0.686469	1.77225	9.88812	)	8.01454
(	1.40032	2.64799	9.81659	3.56839	0.881483	0.496867	4.93142	9.99703	0.587013	0.00274216	1.51933	0.179524	0.001	0.001	0.0400488	9.98793	0.125109	0.677374	1.7793	9.88895	)	8.01413
(	1.3862	2.64633	9.9074	3.55785	0.884294	0.4994	4.92972	9.99881	0.582422	0.00271176	1.51966	0.179746	0.001	0.001	0.0399655	9.98774	0.125697	0.693934	1.7755	9.82505	)	8.01405
(	1.38527	2.64781	9.94561	3.55873	0.886721	0.49871	4.9213	9.99869	0.584178	0.00268453	1.51963	0.179742	0.001	0.001	0.0400356	9.98695	0.125138	0.695975	1.77722	9.86203	)	8.01333
(	1.40277	2.65909	9.71737	3.55865	0.887767	0.497926	4.92758	9.99911	0.591997	0.00287974	1.51889	0.179348	0.001	0.00100001	0.0401134	9.98766	0.125689	0.683599	1.78321	9.92378	)	8.01293
(	1.39686	2.67934	9.95524	3.56146	0.889554	0.499005	4.92085	9.99737	0.576257	0.00283856	1.52094	0.178686	0.001	0.00100001	0.0401439	9.98732	0.12652	0.653749	1.7858	9.96647	)	8.01242
(	1.39638	2.67273	9.97738	3.56946	0.889686	0.498783	4.91989	9.99721	0.573965	0.00286711	1.51919	0.179226	0.001	0.00100001	0.0402291	9.98758	0.126949	0.641873	1.78397	9.92629	)	8.01241
(	1.40443	2.6905	9.95594	3.56799	0.889836	0.498967	4.92114	9.99729	0.573287	0.00286023	1.51809	0.178657	0.001	0.00100001	0.0401905	9.98735	0.126537	0.642062	1.78577	9.95092	)	8.0123
(	1.39634	2.67551	9.95568	3.56947	0.890488	0.498565	4.92104	9.99701	0.573734	0.00288613	1.51978	0.178979	0.001	0.00100001	0.040286	9.98586	0.12671	0.623988	1.78311	9.93957	)	8.01228
(	1.3981	2.67263	9.95341	3.57027	0.889393	0.498638	4.92099	9.99717	0.574534	0.00296959	1.51828	0.178893	0.001	0.00100001	0.0402102	9.98719	0.126557	0.618459	1.78396	9.95298	)	8.01221
(	1.38638	2.6589	9.93806	3.55646	0.889605	0.495947	4.89765	9.99858	0.569105	0.00294609	1.52493	0.179557	0.001	0.001	0.0401222	9.98621	0.125167	0.687383	1.78082	9.90861	)	8.01217
(	1.39195	2.66652	9.95363	3.57091	0.889106	0.498745	4.92097	9.99717	0.5752	0.00300978	1.51953	0.178925	0.001	0.00100001	0.0401639	9.98748	0.126279	0.603267	1.78437	9.96332	)	8.01217
(	1.39263	2.6689	9.9574	3.57152	0.889095	0.498732	4.92118	9.99691	0.575557	0.00303057	1.52035	0.178805	0.001	0.00100001	0.0401679	9.98776	0.126312	0.591317	1.78438	9.95417	)	8.01214
(	1.39039	2.66563	9.96076	3.57096	0.890535	0.498686	4.9212	9.99675	0.576009	0.00301426	1.52004	0.178902	0.001	0.00100001	0.0401655	9.98779	0.126469	0.581774	1.78429	9.95457	)	8.01213
(	1.3886	2.65875	9.93925	3.55651	0.889576	0.495934	4.89437	9.99858	0.567338	0.00293342	1.5261	0.179576	0.001	0.001	0.0401157	9.98618	0.125132	0.688841	1.78054	9.91769	)	8.01212
(	1.38438	2.66389	10	3.57858	0.891378	0.497671	4.90275	9.99821	0.582069	0.00301704	1.52164	0.178956	0.001	0.00100001	0.0402157	9.98815	0.125713	0.600203	1.77659	9.98264	)	8.01206
(	1.38891	2.66663	9.99742	3.57835	0.891866	0.498424	4.91108	9.99749	0.578617	0.00299442	1.52081	0.178944	0.001	0.00100001	0.0401423	9.98732	0.126187	0.600852	1.77978	9.97537	)	8.01203
(	1.39028	2.67109	10	3.55905	0.891387	0.49564	4.9	9.99854	0.575024	0.00306956	1.51955	0.178748	0.001	0.001	0.0400812	9.9883	0.125201	0.657481	1.77521	10	)	8.01193
(	1.39267	2.67285	10	3.559	0.892137	0.494244	4.89458	9.99911	0.575035	0.00311695	1.51937	0.178749	0.001	0.001	0.040061	9.9891	0.125322	0.642625	1.7759	10	)	8.01189
(	1.38853	2.65977	9.96638	3.55335	0.889234	0.495534	4.89129	9.9987	0.580002	0.00306767	1.52734	0.179529	0.001	0.001	0.0401179	9.98731	0.125327	0.679243	1.77931	9.97065	)	8.01189
(	1.38852	2.65912	9.95922	3.54447	0.8864	0.493373	4.88708	9.99962	0.580388	0.00307289	1.53077	0.180151	0.001	0.001	0.0401229	9.98698	0.1252	0.69599	1.77878	9.98163	)	8.01187
(	1.38775	2.66564	9.99533	3.59027	0.893435	0.495924	4.88987	9.99762	0.578678	0.00300638	1.5202	0.178608	0.001	0.001	0.0401628	9.98748	0.126132	0.591551	1.78073	9.96557	)	8.01185
(	1.38708	2.66374	10	3.59794	0.898507	0.492916	4.87118	10	0.5809	0.00310076	1.52288	0.179128	0.001	0.001	0.0401838	9.9879	0.125249	0.680608	1.77387	9.98683	)	8.01176
(	1.38617	2.66108	9.99427	3.59519	0.899393	0.492531	4.86524	9.99942	0.581415	0.00310859	1.52386	0.179303	0.001	0.001	0.0402937	9.98815	0.125429	0.707844	1.77533	9.98296	)	8.0117
(	1.39616	2.67883	9.99854	3.55887	0.892155	0.494133	4.8894	9.99902	0.574758	0.00306802	1.52053	0.178577	0.001	0.001	0.0400448	9.99034	0.126318	0.582278	1.7763	9.98706	)	8.01169
(	1.38703	2.66386	9.9993	3.59767	0.896702	0.493064	4.86921	10	0.580607	0.0030959	1.52676	0.179483	0.001	0.001	0.0402136	9.98815	0.125215	0.654174	1.77449	9.98534	)	8.01168
(	1.38752	2.66451	9.99918	3.5863	0.896498	0.492426	4.86491	9.99968	0.581054	0.00308627	1.52855	0.179423	0.001	0.001	0.0402051	9.988	0.125169	0.648869	1.77342	9.99201	)	8.01166
(	1.3921	2.66976	9.98503	3.57032	0.891883	0.490948	4.85986	9.99996	0.583367	0.00308721	1.52406	0.179143	0.001	0.001	0.04026	9.98799	0.125751	0.649484	1.77689	9.97253	)	8.01155
(	1.39032	2.66868	9.9876	3.59145	0.896648	0.491126	4.86197	9.99986	0.581543	0.00309004	1.52684	0.179281	0.001	0.001	0.0402244	9.98796	0.125835	0.626513	1.77568	9.97406	)	8.01155
(	1.38699	2.66209	9.97637	3.55318	0.890816	0.491595	4.85429	9.9991	0.572314	0.00309699	1.52295	0.178748	0.001	0.001	0.0401627	9.987	0.125985	0.627804	1.77945	9.95738	)	8.01155
(	1.38676	2.66715	9.98283	3.56039	0.8942	0.487716	4.84025	9.99914	0.567456	0.0030908	1.52259	0.178597	0.001	0.001	0.0400302	9.98798	0.125832	0.633964	1.77941	9.92321	)	8.01152
(	1.39036	2.66684	9.98764	3.55926	0.890651	0.490192	4.84082	10	0.597465	0.00312881	1.52419	0.179012	0.001	0.001	0.0401911	9.98691	0.125939	0.681554	1.77693	9.98264	)	8.01144
(	1.38978	2.6685	9.98677	3.55828	0.890319	0.490485	4.84326	10	0.612052	0.0031186	1.52374	0.17909	0.001	0.001	0.0402418	9.9855	0.125743	0.669807	1.77676	9.99358	)	8.01138
(	1.38856	2.66469	9.98458	3.5574	0.890674	0.489825	4.84119	10	0.586271	0.00311161	1.52422	0.178905	0.001	0.001	0.0401661	9.98687	0.125941	0.652242	1.77816	9.97034	)	8.01135
(	1.39057	2.67161	9.98362	3.55217	0.891997	0.489622	4.83838	9.99989	0.588822	0.00315267	1.525	0.178832	0.001	0.001	0.0401789	9.98795	0.125934	0.668153	1.78043	9.96313	)	8.01132
(	1.39052	2.67053	9.98357	3.56081	0.890923	0.489279	4.83237	9.9993	0.621153	0.00316842	1.524	0.178879	0.001	0.00100001	0.040114	9.97455	0.125129	0.686267	1.77446	10	)	8.01129
(	1.3918	2.67316	9.98985	3.55161	0.891689	0.488545	4.83446	9.99999	0.597605	0.00318078	1.52408	0.178739	0.001	0.001	0.0401548	9.98745	0.125937	0.64985	1.7808	9.96265	)	8.01126
(	1.38239	2.65508	9.988	3.55464	0.881711	0.487696	4.82747	10	0.647867	0.00324964	1.52335	0.179265	0.001	0.001	0.0404047	9.98631	0.125894	0.635131	1.77778	10	)	8.01117
(	1.39107	2.67716	9.98816	3.55036	0.891765	0.485823	4.82064	10	0.612022	0.00323229	1.5242	0.17875	0.001	0.001	0.0401535	9.98588	0.125952	0.670681	1.78272	9.96353	)	8.01113
(	1.39007	2.67838	9.99984	3.55271	0.892815	0.485374	4.79399	10	0.618052	0.00324407	1.52393	0.178801	0.001	0.001	0.0401413	9.98679	0.125502	0.646388	1.76905	9.94976	)	8.01095
(	1.39078	2.67535	9.99022	3.55263	0.892041	0.484628	4.80145	9.99935	0.617711	0.00320314	1.52293	0.179024	0.001	0.00100001	0.0401574	9.98485	0.126032	0.647122	1.7731	9.96177	)	8.01095
(	1.38768	2.66762	9.99767	3.55462	0.889893	0.485185	4.79241	9.99977	0.650938	0.00320123	1.52113	0.179664	0.001	0.00100001	0.0402002	9.98638	0.126265	0.659929	1.77716	9.94434	)	8.01095
(	1.38883	2.66873	9.9786	3.56228	0.889189	0.485451	4.79533	9.99991	0.642631	0.00324429	1.5237	0.179109	0.001	0.001	0.040314	9.98315	0.126019	0.664404	1.77802	9.93776	)	8.01088
(	1.39141	2.67697	9.98911	3.55163	0.891261	0.484835	4.79114	9.99907	0.619337	0.00321147	1.52218	0.178934	0.001	0.00100001	0.0401573	9.98343	0.126019	0.654291	1.77697	9.93491	)	8.01085
(	1.38898	2.67493	9.99496	3.55637	0.893119	0.482041	4.78479	9.99984	0.640359	0.0032407	1.52241	0.179129	0.001	0.00100001	0.0400463	9.98382	0.12593	0.640969	1.77477	9.93269	)	8.01081
(	1.39071	2.67507	9.99576	3.55649	0.891285	0.483542	4.7846	9.99994	0.626203	0.00328551	1.52128	0.179034	0.001	0.00100001	0.0401523	9.98337	0.125953	0.657166	1.77685	9.9356	)	8.01076
(	1.39345	2.67943	10	3.54486	0.892887	0.479571	4.74108	9.99847	0.598253	0.0030311	1.52864	0.180014	0.001	0.001	0.0399905	9.98536	0.12725	0.648024	1.79739	9.97092	)	8.01073
(	1.39352	2.67703	9.98747	3.5518	0.891518	0.479003	4.74167	9.99854	0.630926	0.00319303	1.52697	0.178783	0.001	0.001	0.040192	9.98487	0.126902	0.630762	1.78108	9.94768	)	8.01071
(	1.38782	2.67137	9.99387	3.55209	0.892601	0.482748	4.78411	9.99932	0.634644	0.00326932	1.52204	0.178818	0.001	0.00100001	0.040101	9.98784	0.12587	0.644771	1.77543	9.93693	)	8.0107
(	1.38869	2.67269	9.99303	3.55002	0.893233	0.482133	4.77432	9.99918	0.643505	0.00326014	1.52213	0.178822	0.001	0.00100001	0.0399688	9.98609	0.12587	0.646477	1.77624	9.92869	)	8.01062
(	1.38976	2.66908	9.98969	3.54616	0.890428	0.481455	4.77134	9.99914	0.649657	0.00331628	1.52158	0.178978	0.001	0.00100002	0.0400225	9.98372	0.125706	0.635253	1.7764	9.93965	)	8.01057
(	1.3915	2.67021	9.99243	3.55308	0.890828	0.482291	4.7623	9.99939	0.648752	0.00331119	1.52025	0.179055	0.001	0.00100002	0.0401025	9.98417	0.125875	0.648646	1.77674	9.93983	)	8.01053
(	1.39169	2.67734	9.99079	3.55181	0.892051	0.479966	4.73922	9.9986	0.630887	0.00324964	1.52216	0.178763	0.001	0.00100001	0.0401548	9.98768	0.126121	0.627534	1.77829	9.95467	)	8.01047
(	1.38953	2.66925	9.98809	3.53908	0.888651	0.479834	4.76459	9.99935	0.65207	0.00337514	1.52121	0.17905	0.001	0.00100001	0.0399305	9.98427	0.125483	0.630905	1.77638	9.93876	)	8.01043
(	1.39056	2.67471	9.99353	3.5401	0.888304	0.480074	4.75668	9.99833	0.653618	0.00337142	1.52119	0.179003	0.001	0.001	0.039927	9.98354	0.126084	0.619856	1.78086	9.94775	)	8.01027
(	1.39308	2.6797	9.99433	3.54316	0.887851	0.473938	4.69594	9.99774	0.641847	0.00316945	1.52267	0.179009	0.001	0.00100001	0.0398993	9.98052	0.126235	0.627641	1.77891	9.95048	)	8.0102
(	1.39042	2.6733	9.97821	3.54259	0.891022	0.473363	4.68783	9.99756	0.653575	0.00337984	1.52607	0.178584	0.001	0.00100001	0.0401108	9.98298	0.127357	0.581868	1.78632	9.95757	)	8.01004
(	1.39131	2.67772	9.96816	3.54622	0.893143	0.46779	4.64091	9.99783	0.629626	0.00327241	1.52377	0.178437	0.001	0.00100001	0.0402527	9.98462	0.12806	0.585047	1.77505	9.98133	)	8.00995
(	1.39222	2.67879	9.97649	3.55296	0.886055	0.472397	4.67636	9.99703	0.629362	0.00321311	1.52014	0.178621	0.001	0.00100001	0.0401453	9.98808	0.126519	0.604778	1.78211	10	)	8.00991
(	1.39127	2.67754	9.97445	3.53879	0.892989	0.470358	4.65275	9.99788	0.631086	0.00327581	1.52361	0.178676	0.001	0.00100001	0.0402074	9.98445	0.127679	0.601798	1.77796	9.97693	)	8.00983
(	1.39191	2.67782	9.96639	3.55896	0.893923	0.46473	4.59341	9.99796	0.625045	0.00328337	1.52417	0.178399	0.001	0.00100001	0.040201	9.98373	0.126402	0.59016	1.76915	9.9854	)	8.00947
(	1.39243	2.67788	9.96794	3.55272	0.893093	0.463625	4.60807	9.99824	0.617556	0.00329792	1.52271	0.178711	0.001	0.00100001	0.0401278	9.98506	0.126588	0.593863	1.76943	9.97615	)	8.00937
(	1.39343	2.6789	9.96165	3.56511	0.893951	0.459001	4.57386	9.99831	0.607837	0.00326991	1.52167	0.178875	0.001	0.00100002	0.0401496	9.98455	0.126038	0.59778	1.76331	9.98572	)	8.00931
(	1.39123	2.67622	9.96612	3.57044	0.897694	0.454549	4.52565	9.99953	0.605902	0.00324836	1.52255	0.178771	0.001	0.00100001	0.0403124	9.98345	0.125723	0.597668	1.7568	9.96301	)	8.00889
(	1.40074	2.68133	9.97116	3.55625	0.893647	0.448125	4.46578	9.99949	0.623023	0.0034458	1.52229	0.179387	0.001	0.00100001	0.0403574	9.98198	0.125831	0.59369	1.74494	9.99057	)	8.00818
(	1.40099	2.6728	9.94672	3.55111	0.891125	0.42281	4.20253	10	0.562841	0.00355989	1.5228	0.179815	0.001	0.001	0.0407345	9.98155	0.125358	0.590396	1.72797	9.96692	)	8.00658
(	1.38424	2.66805	9.99105	3.55776	0.903004	0.41209	4.09541	10	0.567296	0.00347002	1.52371	0.179743	0.001	0.001	0.0402031	9.98061	0.125681	0.60915	1.74491	9.94915	)	8.00614
(	1.39207	2.67974	9.97339	3.54835	0.89478	0.377719	3.809	9.99886	0.522314	0.00329753	1.52404	0.179419	0.001	0.00100001	0.0401768	9.97998	0.125852	0.674614	1.77544	9.91688	)	8.00381
(	1.39001	2.67371	9.97061	3.5485	0.890496	0.366882	3.67985	9.99943	0.524368	0.00342341	1.52426	0.179408	0.001	0.00100001	0.0403741	9.97682	0.12611	0.694352	1.7697	9.91552	)	8.00242
(	1.39033	2.68634	9.98299	3.54869	0.89848	0.328306	3.323	9.99975	0.522297	0.00339094	1.52395	0.179449	0.001	0.001	0.0402657	9.97985	0.125558	0.745061	1.77235	9.9293	)	8.00216
(	1.39035	2.69009	9.98092	3.54843	0.894909	0.336066	3.38576	9.9985	0.520781	0.00337702	1.52402	0.179579	0.001	0.001	0.0402716	9.97989	0.125565	0.730984	1.7722	9.92516	)	8.00189
(	1.39044	2.68566	9.98664	3.54857	0.893785	0.333719	3.36833	9.99858	0.516087	0.003373	1.52428	0.17973	0.001	0.00100001	0.0402883	9.98028	0.125422	0.743108	1.76999	9.9322	)	8.00145
